Album
    1: (70,140) -> (270, 340)
    2: (310, 140) -> (515, 340)
    3: (70, 433) -> (270, 630)
    4: (310, 430) -> (510, 630)



Tracks:
    1 (0) (170,430) -> (410,460)
    2 (1) (170, 460) -> (410, 480)
    3 (2) (170, 485) -> (410, 510)
    4 (3) (170, 510) -> (410, 530)
    Play (4) (290, 633) -> (310, 670)
    Pause (5) (342, 632) -> (368, 670)
    Stop (6) (215, 635) -> (250, 670)
    Next Track (7) (405,630) -> (440, 670)
    Prev Track (8) (150, 630) -> (185, 670)
    Back (9) (20,15) -> (95, 26)